0  0.50 10
1  0.50 1
2  0.50 1
3  0.50 5
4  0.50 10
5  0.50 10
6  0.50 1
7  0.50 10
8  0.50 5
9  0.50 2
10 0.50 1
11 0.50 1
12 0.50 5
13 0.50 5
14 0.50 1
15 0.50 1
0  0.60 10
1  0.60 1
2  0.60 1
3  0.60 5
4  0.60 10
5  0.60 10
6  0.60 1
7  0.60 10
8  0.60 5
9  0.60 2
10 0.60 1
11 0.60 1
12 0.60 5
13 0.60 5
14 0.60 1
15 0.60 1
0  0.80 10
1  0.80 1
2  0.80 10
3  0.80 10
4  0.80 50
5  0.80 50
6  0.80 1
7  0.80 50
8  0.80 10
9  0.80 10
10 0.80 10
11 0.80 10
12 0.80 20
13 0.80 20
14 0.80 1
15 0.80 5
0  1.00 10
1  1.00 1
2  1.00 10
3  1.00 10
4  1.00 50
5  1.00 50
6  1.00 1
7  1.00 50
8  1.00 10
9  1.00 10
10 1.00 10
11 1.00 10
12 1.00 20
13 1.00 20
14 1.00 1
15 1.00 5
0  1.25 50
1  1.25 1
2  1.25 10
3  1.25 50
4  1.25 50
5  1.25 50
6  1.25 1
7  1.25 50
8  1.25 10
9  1.25 10
10 1.25 10
11 1.25 10
12 1.25 20
13 1.25 20
14 1.25 1
15 1.25 5
0  1.50 100
1  1.50 1
2  1.50 20
3  1.50 100
4  1.50 100
5  1.50 100
6  1.50 1
7  1.50 70
8  1.50 70
9  1.50 70
10 1.50 10
11 1.50 10
12 1.50 150
13 1.50 100
14 1.50 1
15 1.50 70
0  2.00 150
1  2.00 5
2  2.00 20
3  2.00 150
4  2.00 150
5  2.00 150
6  2.00 10
7  2.00 200
8  2.00 200
9  2.00 200
10 2.00 50
11 2.00 100
12 2.00 200
13 2.00 200
14 2.00 10
15 2.00 100
0  2.50 150
1  2.50 10
2  2.50 20
3  2.50 150
4  2.50 150
5  2.50 150
6  2.50 10
7  2.50 200
8  2.50 200
9  2.50 200
10 2.50 50
11 2.50 100
12 2.50 200
13 2.50 200
14 2.50 10
15 2.50 100
0  3.50 100
1  3.50 5
2  3.50 20
3  3.50 100
4  3.50 100
5  3.50 100
6  3.50 1
7  3.50 100
8  3.50 100
9  3.50 50
10 3.50 40
11 3.50 50
12 3.50 100
13 3.50 100
14 3.50 1
15 3.50 50
