0  0.50 5
1  0.50 5
2  0.50 5
3  0.50 6
4  0.50 5
5  0.50 5
6  0.50 5
7  0.50 5
8  0.50 5
9  0.50 5
10 0.50 5
11 0.50 5
12 0.50 5
13 0.50 6
14 0.50 5
15 0.50 5
0  0.60 5
1  0.60 5
2  0.60 5
3  0.60 6
4  0.60 5
5  0.60 5
6  0.60 5
7  0.60 5
8  0.60 5
9  0.60 5
10 0.60 5
11 0.60 5
12 0.60 5
13 0.60 6
14 0.60 5
15 0.60 5
0  0.80 10
1  0.80 10
2  0.80 10
3  0.80 10
4  0.80 10
5  0.80 10
6  0.80 10
7  0.80 10
8  0.80 10
9  0.80 10
10 0.80 10
11 0.80 10
12 0.80 10
13 0.80 10
14 0.80 10
15 0.80 10
0  1.00 50
1  1.00 50
2  1.00 50
3  1.00 60
4  1.00 50
5  1.00 50
6  1.00 50
7  1.00 50
8  1.00 50
9  1.00 50
10 1.00 50
11 1.00 50
12 1.00 50
13 1.00 60
14 1.00 50
15 1.00 50
0  1.25 50
1  1.25 50
2  1.25 50
3  1.25 60
4  1.25 50
5  1.25 50
6  1.25 50
7  1.25 50
8  1.25 50
9  1.25 50
10 1.25 50
11 1.25 50
12 1.25 50
13 1.25 60
14 1.25 50
15 1.25 50
0  1.50 50
1  1.50 50
2  1.50 50
3  1.50 60
4  1.50 50
5  1.50 50
6  1.50 50
7  1.50 50
8  1.50 50
9  1.50 50
10 1.50 50
11 1.50 50
12 1.50 50
13 1.50 60
14 1.50 50
15 1.50 50
0  1.75 100
1  1.75 100
2  1.75 100
3  1.75 60
4  1.75 100
5  1.75 100
6  1.75 100
7  1.75 100
8  1.75 100
9  1.75 100
10 1.75 100
11 1.75 100
12 1.75 100
13 1.75 60
14 1.75 100
15 1.75 100
0  2.00 100
1  2.00 100
2  2.00 100
3  2.00 60
4  2.00 100
5  2.00 100
6  2.00 100
7  2.00 100
8  2.00 100
9  2.00 100
10 2.00 100
11 2.00 100
12 2.00 100
13 2.00 60
14 2.00 100
15 2.00 100
0  2.50 100
1  2.50 100
2  2.50 100
3  2.50 60
4  2.50 100
5  2.50 100
6  2.50 100
7  2.50 100
8  2.50 100
9  2.50 100
10 2.50 100
11 2.50 100
12 2.50 100
13 2.50 60
14 2.50 100
15 2.50 100
0  3.00 100
1  3.00 100
2  3.00 100
3  3.00 60
4  3.00 100
5  3.00 100
6  3.00 100
7  3.00 100
8  3.00 100
9  3.00 100
10 3.00 100
11 3.00 100
12 3.00 100
13 3.00 60
14 3.00 100
15 3.00 100
0  3.50 100
1  3.50 100
2  3.50 100
3  3.50 60
4  3.50 100
5  3.50 100
6  3.50 100
7  3.50 100
8  3.50 100
9  3.50 100
10 3.50 100
11 3.50 100
12 3.50 100
13 3.50 60
14 3.50 100
15 3.50 100
