0  0.50 100
1  0.50 100
2  0.50 100
3  0.50 60
4  0.50 100
5  0.50 100
6  0.50 100
7  0.50 100
8  0.50 100
9  0.50 100
10 0.50 100
11 0.50 100
12 0.50 100
13 0.50 60
14 0.50 100
15 0.50 100
0  0.60 100
1  0.60 100
2  0.60 100
3  0.60 60
4  0.60 100
5  0.60 100
6  0.60 100
7  0.60 100
8  0.60 100
9  0.60 100
10 0.60 100
11 0.60 100
12 0.60 100
13 0.60 60
14 0.60 100
15 0.60 100
0  0.80 100
1  0.80 100
2  0.80 100
3  0.80 60
4  0.80 100
5  0.80 100
6  0.80 100
7  0.80 100
8  0.80 100
9  0.80 100
10 0.80 100
11 0.80 100
12 0.80 100
13 0.80 60
14 0.80 100
15 0.80 100
0  1.00 100
1  1.00 100
2  1.00 100
3  1.00 60
4  1.00 100
5  1.00 100
6  1.00 100
7  1.00 100
8  1.00 100
9  1.00 100
10 1.00 100
11 1.00 100
12 1.00 100
13 1.00 60
14 1.00 100
15 1.00 100
0  1.25 100
1  1.25 100
2  1.25 100
3  1.25 100
4  1.25 100
5  1.25 100
6  1.25 100
7  1.25 100
8  1.25 100
9  1.25 100
10 1.25 100
11 1.25 100
12 1.25 100
13 1.25 100
14 1.25 100
15 1.25 100
0  1.50 200
1  1.50 200
2  1.50 200
3  1.50 200
4  1.50 200
5  1.50 200
6  1.50 200
7  1.50 200
8  1.50 200
9  1.50 200
10 1.50 200
11 1.50 200
12 1.50 200
13 1.50 200
14 1.50 200
15 1.50 200
0  1.75 200
1  1.75 200
2  1.75 200
3  1.75 200
4  1.75 200
5  1.75 200
6  1.75 200
7  1.75 200
8  1.75 200
9  1.75 200
10 1.75 200
11 1.75 200
12 1.75 200
13 1.75 200
14 1.75 200
15 1.75 200
0  2.00 200
1  2.00 200
2  2.00 200
3  2.00 200
4  2.00 200
5  2.00 200
6  2.00 300
7  2.00 300
8  2.00 300
9  2.00 300
10 2.00 300
11 2.00 200
12 2.00 200
13 2.00 200
14 2.00 200
15 2.00 200
0  2.50 200
1  2.50 200
2  2.50 200
3  2.50 200
4  2.50 200
5  2.50 200
6  2.50 200
7  2.50 200
8  2.50 200
9  2.50 200
10 2.50 200
11 2.50 200
12 2.50 200
13 2.50 200
14 2.50 200
15 2.50 200
