0  0.50 100
1  0.50 100
2  0.50 100
3  0.50 60
4  0.50 100
5  0.50 100
6  0.50 100
7  0.50 100
8  0.50 100
9  0.50 100
10 0.50 100
11 0.50 100
12 0.50 100
13 0.50 60
14 0.50 100
15 0.50 100
0  0.60 100
1  0.60 100
2  0.60 100
3  0.60 60
4  0.60 100
5  0.60 100
6  0.60 100
7  0.60 100
8  0.60 100
9  0.60 100
10 0.60 100
11 0.60 100
12 0.60 60
13 0.60 60
14 0.60 60
15 0.60 60
0  0.80 100
1  0.80 100
2  0.80 100
3  0.80 60
4  0.80 100
5  0.80 100
6  0.80 100
7  0.80 100
8  0.80 100
9  0.80 100
10 0.80 100
11 0.80 100
12 0.80 100
13 0.80 60
14 0.80 100
15 0.80 100
0  1.00 200
1  1.00 200
2  1.00 200
3  1.00 200
4  1.00 200
5  1.00 200
6  1.00 200
7  1.00 200
8  1.00 200
9  1.00 200
10 1.00 200
11 1.00 200
12 1.00 200
13 1.00 200
14 1.00 200
15 1.00 200
0  1.25 200
1  1.25 200
2  1.25 200
3  1.25 200
4  1.25 200
5  1.25 200
6  1.25 200
7  1.25 200
8  1.25 200
9  1.25 200
10 1.25 200
11 1.25 200
12 1.25 200
13 1.25 200
14 1.25 200
15 1.25 200
0  1.50 200
1  1.50 200
2  1.50 200
3  1.50 200
4  1.50 200
5  1.50 200
6  1.50 200
7  1.50 200
8  1.50 200
9  1.50 200
10 1.50 200
11 1.50 200
12 1.50 200
13 1.50 200
14 1.50 200
15 1.50 200
0  1.75 200
1  1.75 200
2  1.75 200
3  1.75 200
4  1.75 200
5  1.75 200
6  1.75 200
7  1.75 200
8  1.75 200
9  1.75 200
10 1.75 200
11 1.75 200
12 1.75 200
13 1.75 200
14 1.75 200
15 1.75 200
0  2.00 350
1  2.00 350
2  2.00 350
3  2.00 350
4  2.00 350
5  2.00 350
6  2.00 350
7  2.00 350
8  2.00 350
9  2.00 350
10 2.00 350
11 2.00 350
12 2.00 350
13 2.00 350
14 2.00 350
15 2.00 350
0  2.50 350
1  2.50 350
2  2.50 350
3  2.50 350
4  2.50 350
5  2.50 350
6  2.50 350
7  2.50 350
8  2.50 350
9  2.50 350
10 2.50 350
11 2.50 350
12 2.50 350
13 2.50 350
14 2.50 350
15 2.50 350
0  3.00 350
1  3.00 350
2  3.00 350
3  3.00 350
4  3.00 350
5  3.00 350
6  3.00 350
7  3.00 350
8  3.00 350
9  3.00 350
10 3.00 350
11 3.00 350
12 3.00 350
13 3.00 350
14 3.00 350
15 3.00 350
0  3.50 400
1  3.50 400
2  3.50 400
3  3.50 400
4  3.50 400
5  3.50 400
6  3.50 400
7  3.50 400
8  3.50 400
9  3.50 400
10 3.50 400
11 3.50 400
12 3.50 400
13 3.50 400
14 3.50 400
15 3.50 400
