0  0.50 40
1  0.50 40
2  0.50 40
3  0.50 40
4  0.50 40
5  0.50 40
6  0.50 100
7  0.50 100
8  0.50 100
9  0.50 40
10 0.50 40
11 0.50 40
12 0.50 40
13 0.50 40
14 0.50 40
15 0.50 40
0  0.60 40
1  0.60 40
2  0.60 20
3  0.60 20
4  0.60 40
5  0.60 40
6  0.60 60
7  0.60 60
8  0.60 60
9  0.60 40
10 0.60 40
11 0.60 40
12 0.60 40
13 0.60 40
14 0.60 40
15 0.60 40
0  0.80 60
1  0.80 60
2  0.80 60
3  0.80 60
4  0.80 60
5  0.80 60
6  0.80 100
7  0.80 100
8  0.80 100
9  0.80 60
10 0.80 60
11 0.80 60
12 0.80 60
13 0.80 60
14 0.80 60
15 0.80 60
0  1.00 100
1  1.00 100
2  1.00 100
3  1.00 60
4  1.00 100
5  1.00 100
6  1.00 100
7  1.00 100
8  1.00 100
9  1.00 100
10 1.00 100
11 1.00 100
12 1.00 100
13 1.00 60
14 1.00 100
15 1.00 100
0  1.25 100
1  1.25 100
2  1.25 100
3  1.25 60
4  1.25 100
5  1.25 100
6  1.25 100
7  1.25 100
8  1.25 100
9  1.25 100
10 1.25 100
11 1.25 100
12 1.25 100
13 1.25 60
14 1.25 100
15 1.25 100
0  1.50 100
1  1.50 100
2  1.50 100
3  1.50 60
4  1.50 100
5  1.50 100
6  1.50 100
7  1.50 100
8  1.50 100
9  1.50 100
10 1.50 100
11 1.50 100
12 1.50 100
13 1.50 60
14 1.50 100
15 1.50 100
0  1.75 100
1  1.75 100
2  1.75 100
3  1.75 60
4  1.75 100
5  1.75 100
6  1.75 100
7  1.75 100
8  1.75 100
9  1.75 100
10 1.75 100
11 1.75 100
12 1.75 100
13 1.75 60
14 1.75 100
15 1.75 100
0  2.00 100
1  2.00 100
2  2.00 100
3  2.00 60
4  2.00 100
5  2.00 100
6  2.00 100
7  2.00 100
8  2.00 100
9  2.00 100
10 2.00 100
11 2.00 100
12 2.00 100
13 2.00 60
14 2.00 100
15 2.00 100
0  2.50 100
1  2.50 100
2  2.50 100
3  2.50 60
4  2.50 100
5  2.50 100
6  2.50 100
7  2.50 100
8  2.50 100
9  2.50 100
10 2.50 100
11 2.50 100
12 2.50 100
13 2.50 60
14 2.50 100
15 2.50 100
0  3.00 100
1  3.00 100
2  3.00 100
3  3.00 60
4  3.00 100
5  3.00 100
6  3.00 100
7  3.00 100
8  3.00 100
9  3.00 100
10 3.00 100
11 3.00 100
12 3.00 100
13 3.00 60
14 3.00 100
15 3.00 100
0  3.50 100
1  3.50 100
2  3.50 100
3  3.50 60
4  3.50 100
5  3.50 100
6  3.50 100
7  3.50 100
8  3.50 100
9  3.50 100
10 3.50 100
11 3.50 100
12 3.50 100
13 3.50 60
14 3.50 100
15 3.50 100
